506.6641676624729 176.0436023558309 0.0
592.671653366392 172.22361861971441 1.0
739.99605174567 224.44127704659434 2.0
515.6748709210403 85.47250213771233 3.0
924.3169650126447 466.7606064426218 4.0
535.155112833278 424.6626649491093 5.0
607.1294122696897 415.5419874138995 6.0
648.5141595741735 500.75697014385446 7.0
817.5525219961671 199.13957602338738 8.0
486.0871754471559 552.8993236725057 9.0
612.5048344764267 309.9206670669176 10.0
751.0014297490541 162.87805138485905 11.0
597.5724872487267 39.890199554452806 12.0
644.928232345268 317.274820895045 13.0
886.1949661002346 465.50885855774226 14.0
781.7956370086125 491.9864960902847 15.0
786.4806924179029 412.0549034857521 16.0
736.1834675192064 161.3163952821288 17.0
463.95481589098574 286.6913116240038 18.0
456.2693273443289 283.52091740678435 19.0
516.9065969566223 531.200590331687 20.0
582.4307197681519 278.5530845494323 21.0
557.7162390065544 550.2303547567308 22.0
616.6327967694764 636.1071360941031 23.0
882.8839859356488 97.36866930623174 24.0
939.977777109052 199.35773255749024 25.0
578.0223665429991 109.26597657310231 26.0
856.3951870888445 214.86230226758443 27.0
945.6953488019019 346.0008736795702 28.0
781.9409299488899 448.26794010181004 29.0
426.49893114700313 455.13743643903723 30.0
668.1380745043466 383.22425098902755 31.0
875.2091023618308 537.5722195655492 32.0
576.3868265779719 439.1144734391913 33.0
442.5963643059469 109.94370287212257 34.0
610.2271436709001 284.56833387436643 35.0
685.421369958582 28.84112857398202 36.0
708.109492484284 388.6452639034129 37.0
550.7024498963026 553.1903340129785 38.0
587.4269645653495 331.6868778755746 39.0
621.9976616330798 184.18429669016848 40.0
917.1855934380652 329.68508380757675 41.0
673.4790800902042 554.1202622229818 42.0
386.2981868137213 311.6868577554419 43.0
663.5128641092214 105.26392587522272 44.0
482.0618891546979 344.13616802395904 45.0
759.8405009916364 569.313631458368 46.0
406.4460348914964 191.07299113507528 47.0
897.245600266523 501.7285122324025 48.0
654.4513053078053 464.03942257163465 49.0
747.2838383422279 317.51168250734884 50.0
759.1914771546964 240.84451089099156 51.0
869.8164733317844 503.30562806086573 52.0
596.4715440976518 621.5032135627091 53.0
440.2083908070912 484.33378955671867 54.0
668.2101098080448 220.33664738230488 55.0
748.6651177455146 64.00345874365792 56.0
804.2333278761304 84.83608202434553 57.0
398.2517439574315 432.0042068434728 58.0
934.606064821952 484.3280808931717 59.0
791.1351616848726 536.7825840677324 60.0
723.7639074582529 504.8858451090175 61.0
411.39036834144713 225.73862851624244 62.0
429.61934291147395 333.01801284977194 63.0
582.3798975089215 251.1176166431598 64.0
566.3608468940871 174.43693774237062 65.0
660.8746907137435 102.38567541482806 66.0
857.7773867060666 277.3525828752603 67.0
541.3114014810509 436.35375169411725 68.0
611.427733102772 214.94906560747654 69.0
509.1441027109346 61.56749157229086 70.0
596.765419517882 164.70295705747444 71.0
904.7077124213131 304.13765028603046 72.0
589.9675408201218 462.2788518415971 73.0
866.0721494692817 551.0085666621799 74.0
448.94201250072047 544.087742267601 75.0
568.6527411091631 559.9462994534236 76.0
794.5090188608058 65.32275391062416 77.0
870.2978017597217 488.64971397946965 78.0
564.1509783075397 275.2108711674114 79.0
803.6058169673265 595.9760013412748 80.0
526.1051224615545 439.86286615173617 81.0
479.09930057250915 138.32652707233598 82.0
438.5632996347847 256.4554734329848 83.0
975.5963234474436 328.6276947515374 84.0
654.8339679556115 199.62811241113366 85.0
520.3311420229742 571.6496789126579 86.0
715.8439315934702 388.75173116889283 87.0
834.1902533986456 435.0251720606128 88.0
620.6964866239742 205.3448893439085 89.0
591.5717104302896 79.94871261804468 90.0
673.5061010857453 287.4687693952932 91.0
908.5951726543854 225.48850524987006 92.0
854.9685489776741 271.71331244318066 93.0
768.0052396066504 428.26493541273135 94.0
470.9314857563914 424.64369721855803 95.0
590.1858623263249 45.01740398455769 96.0
500.60706023191744 280.7145280970314 97.0
594.7354437991402 463.7876447454229 98.0
679.7234309948889 620.2357054858215 99.0
756.7897329385546 549.6145953996368 100.0
456.7550353436501 363.3707835998313 101.0
814.044727700878 499.3160533906454 102.0
972.0259740852457 408.8941810890351 103.0
846.0294597761712 366.8904117325735 104.0
673.3656516166562 599.734239287774 105.0
481.19536566592103 177.67605306513735 106.0
828.7956689941892 268.8295277880008 107.0
611.2211117884758 335.24416926767344 108.0
536.5069489294464 253.3654242580227 109.0
605.5620718255313 618.1752487913537 110.0
635.1854998919877 420.60537214560713 111.0
371.53035489119696 254.4884609322262 112.0
760.9558313635632 490.53099831310965 113.0
373.81049285044446 384.88503739767714 114.0
627.0236344140928 368.00473801898784 115.0
643.9462116201139 378.50742036882366 116.0
775.5312305569947 255.06527610787782 117.0
856.3377988853601 546.49777763616 118.0
780.9714014861735 332.811739209184 119.0
561.3905117195527 328.3172590861439 120.0
529.2153327600004 333.9971141789681 121.0
630.5543703629039 520.6480424373902 122.0
804.9736825884196 459.6350052349577 123.0
631.5744929008395 558.6104665207029 124.0
658.2478738616686 362.6773180653862 125.0
420.43134175220496 332.12027824472034 126.0
756.0451342124885 219.06558984017582 127.0
671.6807799936851 525.3718146389544 128.0
474.1937501903529 333.83817827812777 129.0
411.17090603706885 343.68718551231774 130.0
528.7668063896942 453.65804884068996 131.0
936.5832533279199 461.8419521731208 132.0
796.7508768680518 85.92115526654112 133.0
850.5949907599423 249.3621864213552 134.0
549.5725258063909 109.14805174885475 135.0
482.6002379541555 312.17894538725267 136.0
666.2264337173011 82.54328315909282 137.0
932.1427110134742 288.88681806833216 138.0
774.7599922216798 363.244040618007 139.0
516.6163705528955 131.36134380974664 140.0
585.4286537799333 445.79084055868196 141.0
741.2575020381488 187.39948332826972 142.0
865.2205032198742 417.3154120709703 143.0
472.7645305157191 296.6845888879834 144.0
760.2280851229605 63.9341393783497 145.0
864.5769592764912 173.56733219366373 146.0
618.8879784085315 613.0640204979557 147.0
626.0533054805155 465.7658389974437 148.0
506.016388252454 238.30317978625948 149.0
674.5724073331925 401.4157336137705 150.0
739.04798819744 271.6348003369627 151.0
510.6700023814054 438.38341179047296 152.0
404.67593231729404 408.96199531559023 153.0
478.99955460327675 240.87875732626586 154.0
743.009398881652 600.0311981854479 155.0
601.3473293975287 313.5696781500492 156.0
741.7489208603109 532.9084203470072 157.0
386.5379514602291 350.9436763035653 158.0
566.2864965166202 545.2748060965903 159.0
795.0334960716772 556.0812482816668 160.0
641.0967486609346 181.396668705113 161.0
694.6196515801003 52.862981367572104 162.0
771.1313768794241 159.98822964473248 163.0
630.1458609211231 440.03733115661413 164.0
634.4214023849521 406.08738041726656 165.0
593.356422092636 10.535915179378549 166.0
661.9364282678279 9.249135943161946 167.0
426.4094053823187 513.5725492912949 168.0
462.6204055453797 449.8151415359235 169.0
393.3659776862783 423.26402116433945 170.0
898.3393443817257 444.0576221076698 171.0
790.0365719626193 591.8605269364432 172.0
912.7634879732889 378.8678613879834 173.0
780.5865050949725 251.1682602449926 174.0
530.5754555553784 536.2684397967171 175.0
834.739278314509 204.5339153178631 176.0
584.191447599467 358.6401130227465 177.0
384.93231652251 322.4973875054996 178.0
429.66447347470876 267.7023946117471 179.0
855.9647623695538 520.8762505035362 180.0
659.1134849874677 118.53899533647464 181.0
624.0101315182391 277.97677799398195 182.0
614.7612127768986 358.3272268679897 183.0
656.203160094722 627.4173294743356 184.0
413.03579083970124 450.94705287135946 185.0
539.405953003599 316.2982395609655 186.0
717.603437260672 157.07781108512896 187.0
578.456458419124 289.59212444700546 188.0
887.6185093000047 452.97167865945823 189.0
387.1324611417265 335.0115790812108 190.0
966.2133691355584 346.84096231693735 191.0
638.2016888004683 472.9412446223216 192.0
369.42711911855974 427.537388412064 193.0
726.1898087496406 535.8851878634775 194.0
708.4414624037765 339.7246708027471 195.0
827.0861370107272 132.40649201919487 196.0
779.8384527442702 369.9768199596102 197.0
639.4835520007402 166.51890443905458 198.0
692.1155294318133 632.9236395553505 199.0
306.29612063417966 29.116600357895834 200.0
203.98603588587366 578.7378729238523 201.0
270.37623946665894 114.44083187229387 202.0
152.04529925027654 153.81517264344072 203.0
625.8014741873092 356.10784640245754 204.0
275.00148330138984 606.2614990223483 205.0
11.417797894624528 369.5649499559256 206.0
593.2411804866489 339.3298610511252 207.0
232.87394174296668 79.76903079868907 208.0
124.25139482533802 102.48637583474743 209.0
444.5778729785193 124.60760538850764 210.0
129.0178188140801 172.51147792928728 211.0
593.8249382164202 267.1685149037172 212.0
188.70284191529979 112.7137825205962 213.0
364.71884697534904 90.64067823199224 214.0
316.7881027475389 401.37775939526716 215.0
375.25157723194576 210.08660708265887 216.0
383.28270243889665 317.0744026527602 217.0
140.66771150961114 94.98854751768212 218.0
288.4399821442644 61.45658279124876 219.0
402.9711978867597 124.58337239975921 220.0
417.53256723460356 535.4421850251262 221.0
467.4137998412174 599.8363177216229 222.0
357.950057357795 34.997900915056164 223.0
526.6270921418478 554.800041965839 224.0
440.8017137403532 279.82562431796146 225.0
472.43077150564915 538.5852127722133 226.0
315.1862751051992 439.11974300834686 227.0
380.3379027282323 144.7526007854196 228.0
301.82350937081867 423.21110508349113 229.0
547.7610225484592 410.0413511083574 230.0
146.41481246803846 547.9364908027956 231.0
213.41053234229022 547.0101472300763 232.0
603.1252452585486 197.57194707904125 233.0
493.9715191919057 134.0769963913231 234.0
60.96724636258335 387.76421403538916 235.0
299.06463791140834 81.49898628219833 236.0
301.96779032482993 608.6967456398096 237.0
103.48413040069852 506.58545411206535 238.0
471.7240107934264 182.50645670278527 239.0
424.2316526515594 420.9506049791082 240.0
238.85195814283855 413.5169491111781 241.0
391.45506166929704 100.72973740252962 242.0
500.20095290987115 307.7943571038081 243.0
470.5702624792658 606.4962316173767 244.0
515.660913900173 401.2223068204954 245.0
115.08596887666226 279.2130330641762 246.0
44.38517118238474 482.5730697011337 247.0
193.83884894584546 77.80503841112622 248.0
306.31739654685055 80.71136222920018 249.0
38.367231242660694 318.467680689207 250.0
434.8581707884958 26.704006913483056 251.0
587.7796319498336 279.1166588014357 252.0
530.9029114237959 352.0829381109431 253.0
385.1987748220611 297.3838819984187 254.0
537.5807415606165 84.96480280037048 255.0
167.60981149238532 285.5625723952514 256.0
243.55754206655416 123.92457489113713 257.0
191.35117427510008 183.26925675740912 258.0
388.5344726570652 636.1950923355812 259.0
270.72484916189666 552.6862218876466 260.0
586.7781351993428 369.8365725011715 261.0
47.569579057038254 374.88720870213064 262.0
302.04805563679554 408.45973621491476 263.0
196.3036640614896 46.4913801204076 264.0
221.26591471330175 501.71303855718753 265.0
362.64867700023234 543.9907088628752 266.0
628.8085447905985 289.4626319922996 267.0
438.99441317371304 209.01969438236034 268.0
515.1378290081351 509.72584631578013 269.0
418.20593707046993 171.07787313621608 270.0
610.473696525632 296.3786885510415 271.0
279.90692715017013 143.8160989056332 272.0
322.30730320788643 631.658048773447 273.0
121.15061352994152 536.905454333372 274.0
489.5139907622395 355.6303451564507 275.0
329.73131906615714 323.9280364095226 276.0
336.947209237029 163.21208920838185 277.0
385.65870185187737 284.0302153514857 278.0
299.46790377675114 566.7057038030575 279.0
605.9163178559813 181.93389856766265 280.0
507.7554040844019 265.3984116969377 281.0
442.8030876868571 404.5794748895197 282.0
165.71958987535112 542.5990531665436 283.0
311.1522725945504 99.23664582889847 284.0
205.87370218859337 334.79212646546114 285.0
332.3146629106106 424.2111674135627 286.0
124.1740610200558 168.48213603847609 287.0
389.06782001961284 584.5601695980123 288.0
202.96885789095688 202.42749899444084 289.0
341.6545588100357 138.038531698522 290.0
201.24361489873132 44.430420575809705 291.0
248.39679479329592 39.021953938480635 292.0
366.7315312669216 52.397917323122215 293.0
324.51098767708294 469.71166024420916 294.0
293.94356592838295 51.80226825190334 295.0
30.908768951430773 222.43456254989397 296.0
51.1512191615509 205.29569723447946 297.0
28.641875182614797 321.8130620189236 298.0
71.55241054848662 273.0107988931359 299.0
118.23385779823226 533.4463181217038 300.0
418.62767326566814 250.4927596058836 301.0
180.81104618216264 107.48190884597119 302.0
567.8212200334283 116.75089370326518 303.0
521.5823052959685 548.992782336735 304.0
414.81950535807346 270.8890173260006 305.0
615.1748134952571 439.5570564034541 306.0
419.4286857122329 136.46893128204826 307.0
224.86738866876928 27.278743763240357 308.0
379.0210990025294 548.3196341522913 309.0
470.2673413733651 180.19441837030772 310.0
359.60428371577046 290.46512661810004 311.0
477.14438791757914 297.3286252014709 312.0
192.82314880393818 448.9174418617843 313.0
211.9443724004526 421.1183485165735 314.0
246.034436073596 554.634096456663 315.0
524.9593052674745 391.5491578509406 316.0
383.46656321664835 593.4475225883496 317.0
594.4140160157847 313.75398058911594 318.0
554.9218746610195 451.6810442696932 319.0
524.0804103945168 420.62582097114716 320.0
69.47978153141554 218.4150437964297 321.0
133.81433068397806 81.43626470531399 322.0
625.3348908570514 424.4138514782625 323.0
304.0104093085192 471.78866183896463 324.0
65.84741960327091 359.5276044256741 325.0
295.10188998079366 324.0871446416016 326.0
195.7908586590866 329.1887111093864 327.0
477.80998059659396 325.8085345374532 328.0
379.1126848487958 26.48998490947713 329.0
307.4959359788439 211.8612084013111 330.0
326.56317750890173 385.49593385707925 331.0
186.7862163832071 456.71618825542805 332.0
207.93152894453667 396.506280120629 333.0
614.9479763036479 310.3610332167164 334.0
85.85678117160833 163.28906884270086 335.0
517.8501486371083 237.94992643301538 336.0
546.6803456987199 215.37027030469312 337.0
265.6839661244935 520.9813811751382 338.0
328.104400355008 59.85832593509326 339.0
291.0870493293071 334.94583707922277 340.0
364.2722436297254 63.9505586598371 341.0
286.75956998099036 316.89664465445026 342.0
125.76386918574812 236.27052851426924 343.0
312.2751206723807 543.8470623351379 344.0
208.54772644805942 320.3090246566542 345.0
553.9601379278922 256.82853464601726 346.0
523.3428548397414 409.67550870776074 347.0
258.57471904453837 244.0181172817925 348.0
64.2227651566701 297.4116305699138 349.0
360.0906358686649 622.1425179309558 350.0
543.2598442557658 518.1267593509881 351.0
595.3370634688783 440.3888917881643 352.0
620.0495849793538 265.5743375526456 353.0
311.2445174409821 450.75532757446 354.0
92.23816454782684 241.93530963747295 355.0
105.02553074868095 176.1563413371776 356.0
447.71676261508964 277.74132035647324 357.0
307.00061074157105 498.52653173080415 358.0
424.8810918874295 594.2979724933083 359.0
290.90402157450956 312.9705743953287 360.0
181.46523212356303 64.50104758694812 361.0
438.9720392490801 306.28109153338363 362.0
292.10520521869654 126.21476303337079 363.0
564.765811774988 297.08777704492104 364.0
136.28219579211006 540.6756969619131 365.0
122.77663344574441 526.3907696045725 366.0
88.77536364247183 543.8163109289305 367.0
129.6897097220579 260.8532067421342 368.0
60.04704895242014 432.04998529032014 369.0
611.697851542459 284.5508342342433 370.0
203.1420435984307 620.4604981280745 371.0
211.56970977279502 81.81577571164772 372.0
47.625394594775116 199.28217073131967 373.0
352.56127998886666 258.0437094652843 374.0
534.5061601916258 159.37477519241918 375.0
368.12985063358144 586.7340467868405 376.0
17.070033893212667 336.3838917963191 377.0
18.08694151273812 276.5186732842263 378.0
226.41656836910352 377.49875703041096 379.0
113.83323575637658 350.65880776099874 380.0
550.482948306174 278.62193440358783 381.0
407.44884288419286 566.5924815789426 382.0
424.61378184091956 201.16220554207425 383.0
547.7568250342877 192.19169320773025 384.0
250.26968206083987 444.26024632609574 385.0
517.9653779870031 440.1562455421893 386.0
396.9355281089368 63.88982840634657 387.0
200.65259630706763 111.96496449178386 388.0
371.3145890266802 178.89957651483618 389.0
236.53911071870425 261.42248875032163 390.0
218.97014851346677 434.56835677249205 391.0
174.98756394995576 128.92026498488752 392.0
75.22882576869287 427.1841568683538 393.0
357.9642522183921 519.69048236841 394.0
429.8153171200092 262.4617850653377 395.0
205.40609072916038 188.49897035281796 396.0
412.6303402817616 388.85884354778136 397.0
53.787605039321534 492.42599865479826 398.0
103.12447178160855 167.7852011380315 399.0
60.80416351083835 163.56262899647726 400.0
285.8470860356412 181.4287877150162 401.0
90.5540293766694 361.2382237193344 402.0
32.65455935773082 430.5099745105732 403.0
329.82450113084406 423.52389290547734 404.0
106.9415654479157 245.50601144574014 405.0
419.0548713271575 300.0194746752372 406.0
209.34931861192763 311.6640750548316 407.0
221.7723760743546 64.20055146549117 408.0
442.06433585587763 563.6769670728673 409.0
72.33836921193722 296.9978886241548 410.0
503.8492441556618 511.77588107925925 411.0
444.55547272361116 616.4195400114521 412.0
193.26210860591164 402.92823817646104 413.0
323.5616429616826 349.55158825737567 414.0
172.35855820489263 178.40106810142223 415.0
405.44943587742785 412.979733252117 416.0
70.45705124999608 396.27398988559844 417.0
347.51904135826015 409.96471331158864 418.0
461.63112130752734 71.17873007583964 419.0
41.08416233751234 317.40756761407323 420.0
331.81359521979005 72.73454199331948 421.0
274.85059281428744 250.95253665888774 422.0
611.1447166962963 279.16691212981465 423.0
333.59600835076003 593.3026626846263 424.0
416.9670337000532 373.46135777204745 425.0
221.39987912225632 292.61630026676465 426.0
297.9491851969508 84.11921550430611 427.0
191.71948644517548 558.1946012661308 428.0
287.0623481816479 515.3993696976627 429.0
451.2401645444422 99.65501756111334 430.0
427.62752858642324 533.8637516607773 431.0
412.74478940275736 309.0902907147303 432.0
499.6280888275262 201.04417642302184 433.0
414.79169859783576 50.74761328294204 434.0
61.42318537571606 254.75886311823507 435.0
61.98264991102292 157.11061494788564 436.0
127.48884937257827 126.32361994523811 437.0
549.8496303019498 109.59946128909644 438.0
330.0508870788254 640.3985462995813 439.0
570.1658546793515 491.74890676574057 440.0
419.33859708045225 437.1525233729061 441.0
482.50703368689665 239.00111062818797 442.0
476.0913585945628 117.37294819702299 443.0
565.4669699495653 367.1941729848615 444.0
126.74140395366865 317.62138401578716 445.0
358.39090156717134 151.81294620703915 446.0
371.4713141904316 132.85963434933632 447.0
277.7122906244533 198.40191235646444 448.0
141.65924293109418 452.3848333654005 449.0
24.43538198603642 384.20778033603347 450.0
182.65454714029832 168.62628010219052 451.0
209.29223096847238 189.901453684012 452.0
497.6757532300263 504.816435890319 453.0
67.94055452316786 261.86806344562103 454.0
387.5854017957335 449.0387788636669 455.0
110.56798349860424 391.02152867284525 456.0
179.12387687359734 487.6284114491638 457.0
538.7241961411002 127.2617292514916 458.0
462.1153213590816 69.41671400379883 459.0
180.38417422420048 273.8367146139841 460.0
460.30757546236737 600.313272286427 461.0
130.03652204851002 301.9404005246089 462.0
353.72744705233936 192.3084208491203 463.0
362.01993841913855 599.3766543241313 464.0
334.7478155757414 635.0957324579263 465.0
544.8243287843699 333.61022475068137 466.0
40.51219059847932 380.047927171583 467.0
255.78832037124556 398.0527657914089 468.0
222.576126091976 118.07198712479988 469.0
433.1366647335519 415.2240755818113 470.0
265.97132129580183 539.9522226090635 471.0
251.63503420344136 132.72737059577287 472.0
77.38927045497257 313.29871644690843 473.0
244.9216459850745 551.4486856212344 474.0
505.42694171260956 271.5743849137187 475.0
135.66021678167667 545.6468874972363 476.0
131.99046502507687 127.52343725835067 477.0
590.0360131632681 415.4771804208724 478.0
322.25387381165376 171.1483064799497 479.0
172.75773099221252 322.41789875944664 480.0
166.0989913197062 202.42839330152904 481.0
346.47115941089044 186.81917939732958 482.0
180.10783717524416 457.4532617870469 483.0
473.2608743462715 604.1902433025678 484.0
627.0536248381628 347.1115880799647 485.0
56.8992284110754 153.70392333086323 486.0
412.79548611444295 485.0510468282565 487.0
195.70177913731771 394.7160341882253 488.0
315.4172365070735 36.782942082800105 489.0
628.2625917378087 374.0059193654148 490.0
437.0916998466421 241.14609220755207 491.0
392.05306955690287 104.51340097435173 492.0
619.4175214680296 249.98313227528047 493.0
452.0642349429428 357.2452441780398 494.0
345.0140087361947 114.49079683881399 495.0
476.7317382709165 358.49889169893953 496.0
259.06227620307305 226.47722180408758 497.0
372.3147263112662 375.85631121194626 498.0
448.6269818104588 33.80840874819694 499.0
211.91572237845043 532.5282337438534 500.0
617.2106310790789 933.5669658604982 501.0
669.2463167938384 651.6961687004248 502.0
350.01735322047284 948.3086188558075 503.0
583.2873832177 779.8742536740108 504.0
630.4376176315828 641.7795251057069 505.0
319.936164570335 846.669274595349 506.0
770.3751846445846 528.0142502739371 507.0
241.23576197616364 477.57965739111876 508.0
619.3871113824246 493.43289983943254 509.0
703.8372590445586 554.0282362147358 510.0
180.52519748650587 650.7983941193093 511.0
247.89814745728023 857.0875100192692 512.0
697.4442786212429 703.537355641393 513.0
429.2229009881388 824.4579141837249 514.0
317.5060252995886 904.0214696640711 515.0
684.4541854443576 688.0782993509828 516.0
366.17118989925666 836.7078238655973 517.0
188.30555195019218 636.7692785119367 518.0
283.202012060268 620.2732097365541 519.0
605.6424967758782 390.0232767802888 520.0
529.2739585828941 703.4372353790786 521.0
344.1549461776975 854.5886594328397 522.0
411.9748431241244 466.73063146359743 523.0
408.887530804024 771.747997793156 524.0
282.2095708171058 857.7326680324798 525.0
668.2456408398502 467.16588944003684 526.0
568.5217220662632 572.8323035914111 527.0
338.3657100993643 630.9050668443546 528.0
184.11558408563923 680.4663822964178 529.0
573.5240847911657 557.4919118395986 530.0
334.1023173566976 710.4544488829072 531.0
210.35980440979608 530.0892575145981 532.0
441.90709975678027 574.429785752942 533.0
234.91757462539886 587.4381475689341 534.0
467.67705434155346 484.8852780881949 535.0
338.69759124745633 466.9492197571551 536.0
433.07293047269616 487.0392872940509 537.0
537.1248331702051 840.9437720157784 538.0
218.68320116473365 610.391386706266 539.0
440.84301963585466 766.5084372613062 540.0
612.1330022491791 486.43844398571935 541.0
578.3564646136497 592.6156516308491 542.0
551.0497434857854 559.4216429251798 543.0
755.4283234860322 633.7605026766622 544.0
507.1221486960517 693.5338268169531 545.0
723.9083515796711 636.078218728235 546.0
674.5771150869925 735.0146787135841 547.0
367.5697933936291 479.836171087596 548.0
661.7947371373675 800.3384421359683 549.0
456.04215601900603 851.3371413610218 550.0
408.7362423687936 553.3622903681679 551.0
438.3661577125162 666.5291123988167 552.0
337.2973070477605 724.6536672863386 553.0
638.3843665305458 742.3587049122933 554.0
277.3845535575959 576.4631023170643 555.0
406.0353867254409 642.9961396131602 556.0
601.9321230970958 515.713344885667 557.0
411.5727587247667 464.28369240475035 558.0
649.560175514162 640.9238076156666 559.0
193.29963913600284 588.0189896534407 560.0
467.1964746406852 962.7654428453709 561.0
528.4351108741737 470.67518272433006 562.0
745.838472397342 786.8608530822074 563.0
651.4054578161544 573.8145274425599 564.0
396.50709316332814 971.0509451832932 565.0
710.4408088066789 739.5691424401849 566.0
583.1089903634218 746.8845591441969 567.0
186.6887844566295 634.9414549255582 568.0
369.7872269292723 750.7603850636514 569.0
408.9123713989724 759.1002067570635 570.0
608.7490325152565 547.2865268050264 571.0
661.2679379724175 904.6521246555493 572.0
552.232724566621 406.87213698537636 573.0
407.90526255849653 553.5321762084444 574.0
474.86613747104445 755.4557017039458 575.0
591.061489141027 376.16728275167463 576.0
546.7097514127072 551.4205215817027 577.0
729.6542226470002 764.4331765219285 578.0
773.5239230438076 597.1238109061917 579.0
573.6449528183211 430.88803610869275 580.0
450.6001235743703 379.46119940852424 581.0
203.09295961784403 793.1856662650644 582.0
313.44221691807786 429.4300244947274 583.0
576.7021158449595 413.98488544426954 584.0
636.1817164319036 528.2641552905861 585.0
497.5119486362757 793.652979133498 586.0
320.7711375210344 557.3565527141463 587.0
553.6451235563013 880.5832573078318 588.0
603.6212596532414 385.15776948078513 589.0
254.5979806472379 777.9113808461535 590.0
558.6566039427317 528.8360793688959 591.0
433.35664754483844 912.0288058462202 592.0
474.7065766538614 861.6469882304389 593.0
483.8444568288118 982.8861973646406 594.0
517.2386735271166 924.9047499473986 595.0
682.3765498080658 650.5131104899965 596.0
478.0212620595331 410.70927052551855 597.0
534.8342391208425 714.6023539732988 598.0
399.0210344426694 621.1977760792815 599.0
698.9765105356145 666.6984287662428 600.0
773.2771490863076 795.7043484886407 601.0
368.8849271372173 515.4635841590244 602.0
230.09062120352291 601.4241044597763 603.0
238.0143674278952 567.271434843744 604.0
421.20831446373353 521.9113882620134 605.0
769.9939738288299 586.2796713736395 606.0
515.9252770875504 623.3475984420517 607.0
306.0020007944861 928.9975037801644 608.0
580.1278070755159 733.7436480749443 609.0
425.3397052773287 691.6078151171313 610.0
451.72779024520213 376.0197799613612 611.0
463.27400150072646 438.5755898233132 612.0
378.787406349149 578.0156288386171 613.0
518.7329786617018 642.5209947530085 614.0
663.521457700861 543.855195838313 615.0
260.5425442376916 514.740473296217 616.0
651.0950774761194 463.3619745597946 617.0
491.5946901088508 794.0790917439627 618.0
300.24543816581445 907.5307666647703 619.0
219.4436458824705 749.8765469557193 620.0
439.8310192720296 969.1813085114484 621.0
581.5998314258 569.9872984141692 622.0
578.9391953222967 599.68482626703 623.0
725.9593778347537 652.751567754171 624.0
344.47580530605876 428.3806752835069 625.0
613.302459907339 864.0731004904414 626.0
256.4558359742284 566.0527381540116 627.0
518.8599797984231 462.165674981684 628.0
515.7751761103979 357.46749354324584 629.0
664.3771193875506 863.1241862391887 630.0
512.3118840626771 380.44417012504243 631.0
536.8653024797159 919.7663963923716 632.0
605.2607709702216 833.8326200455651 633.0
594.3577068007173 885.0316003879491 634.0
394.6548430370775 541.0465530892742 635.0
559.3596758725486 805.4927045104768 636.0
586.8028135868096 589.7319155223787 637.0
266.20064033965366 526.6574053333409 638.0
734.0378908315453 575.4780054855787 639.0
469.46564771051874 354.8526662276266 640.0
318.86842482115253 936.1760918078644 641.0
226.41720160473068 597.4724579703367 642.0
496.9504999662879 667.9502948878632 643.0
586.3285590063921 619.1905547592899 644.0
641.6161699757699 757.4476704769689 645.0
534.9553317668133 636.5290831953812 646.0
372.044410544773 938.5521538762578 647.0
417.3511428742381 711.458787847226 648.0
554.9609324306134 467.0085057499084 649.0
651.7017772686471 566.6032484965318 650.0
541.2505579147779 647.1973220481817 651.0
486.63880269967126 850.0557700071012 652.0
261.3226744523085 467.7276741502973 653.0
361.1257501545624 408.6037924638768 654.0
259.2648567986905 786.4454009747426 655.0
403.5717284382326 753.6809637251597 656.0
555.4907487357466 868.988147192239 657.0
243.8197568253615 483.7122541813901 658.0
547.9108633126361 472.27193034200434 659.0
395.4217457159264 502.7152218044006 660.0
799.3276131670449 718.4054719072182 661.0
678.5407104353362 638.0744430144412 662.0
718.0055806980281 698.4957715583062 663.0
792.3919928473049 776.295103357186 664.0
294.61110357354084 579.6875994691137 665.0
220.5086938962637 624.4033497466619 666.0
437.83681812399453 856.3550724566566 667.0
530.6348719794883 539.1462752905044 668.0
651.5977024870132 687.8812036027821 669.0
571.3811947715863 525.4702261856213 670.0
752.4147713744594 611.9159190191442 671.0
639.3151994199419 844.860077286391 672.0
624.5188002223329 502.7319441147776 673.0
348.7032870413384 694.7873931460077 674.0
376.6830236626545 485.0875553741981 675.0
783.8798489568001 745.2614430236392 676.0
258.26647805680085 474.63214253048295 677.0
663.2754802165136 553.7105371941777 678.0
324.51511354242695 594.577465289844 679.0
233.1764147965468 585.1113487251297 680.0
767.8690373170951 731.0278064749916 681.0
419.1753864207726 501.03837093669625 682.0
755.131729153722 683.865875177777 683.0
189.58061582905623 636.2875121403117 684.0
573.7073102886133 892.2871086419706 685.0
767.774976768931 643.0300333113312 686.0
573.3344091406124 558.5324361823167 687.0
467.0445423420402 504.92358700446016 688.0
370.65869524630824 487.99861590968675 689.0
670.2530353215913 564.5102332226206 690.0
436.0569034344682 434.73353796118255 691.0
558.9520894368566 530.8030799207436 692.0
272.7337765314862 700.5984980881107 693.0
334.47309133823677 715.8087685008973 694.0
458.74725014577524 915.3233389794098 695.0
554.6101557543502 639.3041541221488 696.0
482.3811315674126 488.0119057895997 697.0
289.16326102651135 482.43774203660894 698.0
261.06550464118254 790.0616512512668 699.0
696.3130208111102 655.9981269055532 700.0
673.4485890954842 492.31011686762366 701.0
192.15869657034693 703.5808389508644 702.0
535.9781913454971 494.70864284161763 703.0
365.4674786144755 915.3056480293171 704.0
452.7979170404439 742.5641570756036 705.0
710.9449781631827 492.8699889379577 706.0
493.2456923486554 827.5980959135787 707.0
600.6688071431727 518.458348106384 708.0
511.17245708248004 787.8154589130492 709.0
765.928674302558 836.7218583102919 710.0
302.01977075263954 867.3267866764917 711.0
617.5070669770007 847.5045245265044 712.0
498.0175658223911 535.276793715531 713.0
392.0896510127724 630.7385523274929 714.0
353.6015632302464 574.741869528582 715.0
475.84616514205766 899.8918419875641 716.0
477.27285107726 908.5640133419349 717.0
579.26292468267 760.7933696673772 718.0
661.4696330785087 908.2603956424598 719.0
711.1445871430145 562.3862897116053 720.0
304.26945800372926 674.0066206005079 721.0
503.2068502243926 651.4787782778237 722.0
351.98494816363655 809.593994003596 723.0
443.0580295969111 920.8688653878385 724.0
472.7646779681317 936.8948691878513 725.0
648.0104903462792 477.74061138442664 726.0
655.2997714419788 730.5482561670416 727.0
556.2633451056272 391.3324857472996 728.0
295.2168787679543 448.7467994904084 729.0
260.24357640906896 782.0404686436677 730.0
803.810314447871 678.6913199352457 731.0
357.09651417998396 929.8456178680635 732.0
794.678338630307 594.3428192133123 733.0
388.5344523694497 730.0428232688351 734.0
356.50187799685636 455.52334602030965 735.0
400.32521515250187 494.7109910520266 736.0
669.3836351295253 583.3704316491902 737.0
456.4058893065423 698.1990234747601 738.0
729.0657406290095 873.0546441183986 739.0
420.9239793327921 839.4835001148041 740.0
544.3903340690182 868.2164454925198 741.0
261.41957927070223 831.1357184507772 742.0
675.2940653798191 452.41359729229134 743.0
637.3734436158204 932.7091224164909 744.0
601.839260181315 637.8611930829667 745.0
217.80217227250233 706.4592261139406 746.0
753.0905201635387 736.9246227885378 747.0
478.63993939303975 559.0019272230471 748.0
780.9613092753546 592.7735535433883 749.0
501.0043828620984 812.1476246097974 750.0
182.16601664371547 713.2814467438704 751.0
368.86476071122064 671.5645239188914 752.0
751.3658494385351 751.9197858716308 753.0
749.3625689860007 642.9779361170378 754.0
734.5129603587309 624.75948396557 755.0
535.1500418087763 773.2800591790499 756.0
407.34930036407235 426.4479218906799 757.0
748.0434673145942 750.285411527936 758.0
764.138343910992 784.0671604531678 759.0
438.53611845796837 611.0206955049193 760.0
589.7808095398713 851.001979658497 761.0
743.4350656228941 780.0462530632245 762.0
393.55952802525087 639.3760337394762 763.0
478.2617704163773 621.2956487308184 764.0
381.1072177723178 745.2677519939264 765.0
297.936337471688 491.1533626481646 766.0
359.7606455748693 922.2399491391884 767.0
271.41026602283534 792.3953764428859 768.0
679.2023634579507 422.3732971785722 769.0
361.8360606518597 391.638571117286 770.0
634.2224318448119 896.79266025151 771.0
399.2065022215492 665.252986677813 772.0
526.9417376624397 387.263628407361 773.0
376.2786788363195 531.709513586847 774.0
535.441923942069 455.69821670754186 775.0
505.4844982269914 521.6920929683171 776.0
701.16072689607 729.4008693558073 777.0
386.5759061836867 454.6389101771688 778.0
660.6078869425354 793.3372675825865 779.0
312.8972875394527 632.6289393976418 780.0
325.99205198118943 698.2390603716717 781.0
781.0841518269947 762.192045990059 782.0
510.90445727509683 411.3061962216538 783.0
193.35122787552388 646.5476106701392 784.0
202.80167944672752 798.397377595478 785.0
660.191209443081 475.7193545016514 786.0
221.7665637478703 661.0492055993241 787.0
491.2323638612708 593.0344845846843 788.0
372.9626953093961 509.1318523201006 789.0
363.0828754659507 473.63160526245963 790.0
466.05750670842804 670.6913506297595 791.0
456.4034619780713 606.3308669839344 792.0
592.9206123035882 482.0339939303335 793.0
411.1310483196847 787.6257421931691 794.0
375.6441459337545 842.0734445810926 795.0
529.2046721565735 757.8907431809882 796.0
747.3287551171733 520.8322358422171 797.0
540.6989861506025 724.0786813819401 798.0
458.9549312858272 605.2139390620546 799.0
747.045212450812 511.8614965766774 800.0
575.4740385660608 677.0736773374173 801.0
522.6948356026635 854.1145834962997 802.0
442.2202194905116 596.0951251003657 803.0
317.914667523062 821.1709681505329 804.0
348.8895312847969 490.13710908074984 805.0
243.4040656114342 489.05080586002447 806.0
558.3805091010411 516.6025897821448 807.0
428.0640614907172 822.9452719900285 808.0
300.36815028308627 423.2432149497879 809.0
618.5684973038921 742.6093528892991 810.0
376.54706598266176 964.3954786732497 811.0
375.6526250056889 754.5634025003443 812.0
352.5184225678702 763.777434034451 813.0
635.8894036042473 404.2558274353737 814.0
609.2679761987494 443.6922570761422 815.0
289.30126863403086 837.4552064424204 816.0
366.91342598913616 560.5907679200757 817.0
293.20170321466685 495.73926550364695 818.0
485.1394116152171 971.9885245889766 819.0
505.5857257016676 890.0707667167031 820.0
235.7543619694561 736.7175985413585 821.0
395.6398003207548 815.8902173448772 822.0
289.485079073175 592.0143266898714 823.0
529.9599515844338 704.7986908467178 824.0
547.5640661523609 565.7320225848182 825.0
402.16719022626506 462.3400112327457 826.0
387.0898942819821 917.3402744849301 827.0
516.599813442479 862.2607368252047 828.0
631.2281337778269 839.1329900967334 829.0
429.79716757203585 454.9586050439836 830.0
548.1573194850445 796.4730822418614 831.0
651.8516279781577 599.1784993285296 832.0
697.6899367958476 460.81968279624346 833.0
731.3380079069191 625.9383564572694 834.0
493.30249491826305 855.4282845131235 835.0
732.5039706597101 850.606301482986 836.0
405.66532697102673 528.5772078402334 837.0
786.6297047505302 624.545103457338 838.0
304.99024791619513 687.0453675067203 839.0
487.2952673555226 898.5336923608756 840.0
385.3895972198862 643.0608523812513 841.0
425.6540957964573 537.5444365482723 842.0
785.9152396339398 653.3581299716992 843.0
313.02165579273924 865.4707813533065 844.0
288.7418595461388 512.315628099351 845.0
722.174854221312 507.1676143451981 846.0
598.607172452544 678.9294217921993 847.0
635.6845035018143 526.2337910979132 848.0
576.4505305199185 436.85594994493977 849.0
728.1269676025482 873.0429177605763 850.0
320.384639274984 892.7425166837436 851.0
582.7209653452984 399.6903903907945 852.0
190.4262241536959 590.9996545595029 853.0
708.5169373563606 733.6241238570258 854.0
674.2138925558108 489.75583825945273 855.0
653.1085190250432 914.159549051807 856.0
679.9280580077482 447.20581519747395 857.0
494.9279313870625 837.0423563339402 858.0
524.1556410037683 562.2142282606492 859.0
256.929681265335 814.0218421928489 860.0
254.30950500090358 643.7724724243471 861.0
485.46665833805434 408.0146262082281 862.0
613.7182483672822 725.292371981746 863.0
380.0287410798268 584.5014987383246 864.0
224.42546047646925 761.806273458548 865.0
812.025235683321 694.3154796308459 866.0
574.7906642821732 485.54226362324766 867.0
403.69183323249894 510.67690658749024 868.0
706.7620014608813 664.8570359651183 869.0
359.89283332840046 873.0982986409846 870.0
336.5739122580508 881.2177168008968 871.0
641.4632255087519 485.7672861370263 872.0
732.2518324757743 681.2035355577435 873.0
586.3833501845546 622.995980726216 874.0
280.21226497752355 615.5073701916018 875.0
204.47698157406785 666.7361929058128 876.0
520.5135797419977 403.505515792794 877.0
755.8383582859805 797.4150118475106 878.0
250.00343858438794 775.8520766226725 879.0
392.94909542431014 387.7412960054733 880.0
623.1201448801279 567.8292756586978 881.0
607.3278766401075 440.24076523550593 882.0
550.4763066958858 513.5641022503198 883.0
755.0589763630697 748.0907487373661 884.0
763.2920679524963 667.011529292037 885.0
432.27785799380126 388.8837708661695 886.0
417.8381121606151 817.4709168951572 887.0
453.4099318382508 369.04035066294045 888.0
593.5577145457646 666.8602249503322 889.0
388.9893638383021 873.0899545087091 890.0
341.43868202217175 910.7548773677984 891.0
660.496489001248 636.0921147377784 892.0
653.7243399166166 837.0196558574742 893.0
287.12787513477315 888.2788606578875 894.0
540.0283077322988 567.0277114699287 895.0
565.3308903763716 363.5706391151704 896.0
326.24415219877073 658.3293252262788 897.0
309.2851278971393 626.6700168118658 898.0
329.3631857904762 467.26931097210365 899.0
503.02205821383234 667.602016850311 900.0
354.63450726882536 478.2128738851684 901.0
556.31881169672 955.6159336733897 902.0
525.0889422416066 646.3912396514573 903.0
589.1882780972861 898.6488725035631 904.0
740.2590886741543 636.5782381404997 905.0
694.4267590867166 684.5012599065913 906.0
357.7489960023837 642.0991614427114 907.0
531.711289737774 721.1992857517021 908.0
715.1994373776985 826.3147266360832 909.0
448.18343084208254 642.571626231634 910.0
632.197140352263 751.9728341722102 911.0
612.1220233010739 810.1513320428799 912.0
764.7202611435741 784.8373610774122 913.0
582.3641601678949 845.0002213685433 914.0
337.93627785003736 928.7301379169404 915.0
734.8062805232969 513.0512611635453 916.0
468.0549004908873 486.60298828483917 917.0
473.66343859273894 612.7386073262146 918.0
468.2328434320599 712.0928302346166 919.0
490.95767089524287 421.3281888150698 920.0
438.77566221276425 943.1588260184519 921.0
501.42891482862376 898.5454675962953 922.0
206.5026218777661 789.5329434205901 923.0
659.4576866601392 410.2876548008828 924.0
370.9004528280947 932.4576010071719 925.0
640.8577868895457 509.4868102685549 926.0
379.02043337643005 630.876254889301 927.0
350.08217331210346 413.8289542240268 928.0
743.9388135616404 706.5686471281267 929.0
538.7306748019018 767.0335192969376 930.0
721.5613279425716 564.9820618238717 931.0
417.60339742644 503.359858493367 932.0
415.60362547964075 365.68810605286654 933.0
422.89793459823034 550.3081592399134 934.0
446.57070548132714 356.375147768688 935.0
768.994247378414 605.0843869686967 936.0
181.78930754618318 711.0865648531012 937.0
326.9397449163556 930.109193476585 938.0
322.70528621249406 476.44290704675154 939.0
641.4663195974792 521.8617528102458 940.0
685.8788200894073 740.2884583023761 941.0
338.0104244258123 810.9514825129363 942.0
738.2289762496638 723.6781214788335 943.0
517.2698193142176 562.8243730764393 944.0
332.57141799642517 593.221858065142 945.0
731.5293106873341 810.8754209149428 946.0
507.2295431532813 698.5848924541305 947.0
316.9674266684448 932.0862487821043 948.0
741.1141094303184 519.9861088102648 949.0
299.66232181451517 729.4555997605537 950.0
690.5874734079175 717.8935735197985 951.0
518.6023627581076 877.8383480720457 952.0
547.2956468572295 695.4893340910186 953.0
244.36931544213658 690.6124277665673 954.0
495.5293980839653 990.6491548235147 955.0
689.6746128712391 591.7934895460622 956.0
381.2677086603648 959.1228335236699 957.0
625.0158304754597 446.47548728440967 958.0
536.2341719825802 752.8628782184353 959.0
414.26133436629283 786.2489761776471 960.0
342.1709906600823 634.9510004717846 961.0
725.9226001986129 449.13287623327636 962.0
621.0860769025787 806.2160012942506 963.0
425.7939254624912 577.3637650001147 964.0
629.9030913489011 653.3368168450157 965.0
308.59910000945695 907.0455989488494 966.0
652.8565709366518 674.5953576637681 967.0
420.9337746658971 914.3576858752464 968.0
437.47548121742557 616.887345928802 969.0
736.9635468945256 590.8870332556039 970.0
592.7562767937679 737.8921548936195 971.0
248.95252728880925 741.1119209227675 972.0
625.6744290666993 520.1021840044293 973.0
525.9510358262365 477.7210799168528 974.0
389.2025392714148 389.9944767618113 975.0
500.59538557859497 774.5593932145596 976.0
563.8567256898176 886.5482436665482 977.0
750.6456375609471 781.0887364594561 978.0
233.5129863942521 541.0579447454161 979.0
540.2989787048393 970.9532058054696 980.0
734.0196553353896 620.7796923605067 981.0
380.22573959265924 449.27983543127004 982.0
484.2170868507764 619.9834660401204 983.0
478.54445349968813 489.09533677720094 984.0
485.86422787852587 412.3134165559041 985.0
740.0334827458703 634.6134716152569 986.0
598.3693792272296 733.9447258123814 987.0
743.3562801337484 801.4907009375974 988.0
352.96695437947494 401.92538283859125 989.0
300.7962333700374 589.4131978953712 990.0
496.85220064175707 398.14644555728 991.0
296.1984275981348 533.4177366992362 992.0
356.36131460803716 521.9717416173645 993.0
777.8191117245675 798.4400433981976 994.0
349.23851365152467 502.59787617023153 995.0
434.8108893903157 732.31853054409 996.0
812.5488982096114 728.9873724362803 997.0
441.0141930289347 816.2904990418398 998.0
533.981603965283 553.486458021102 999.0
